4.0
4.33333333333
3.33333333333
4.66666666667
3.66666666667
5.0
2.33333333333
6.0
5.66666666667
6.0
0.666666666667
4.33333333333
4.33333333333
4.33333333333
4.0
4.66666666667
6.0
4.66666666667
5.66666666667
4.66666666667
4.0
4.33333333333
2.33333333333
3.66666666667
1.0
2.33333333333
2.66666666667
4.0
1.66666666667
4.33333333333
1.33333333333
2.33333333333
5.66666666667
3.0
5.33333333333
4.66666666667
4.0
2.33333333333
1.33333333333
4.0
3.33333333333
4.0
5.66666666667
4.33333333333
5.0
3.0
4.33333333333
3.33333333333
2.33333333333
3.0
1.33333333333
1.66666666667
2.66666666667
2.33333333333
1.66666666667
0.666666666667
3.0
3.33333333333
3.66666666667
1.33333333333
3.33333333333
3.33333333333
4.33333333333
3.0
3.66666666667
5.0
2.66666666667
3.66666666667
2.66666666667
4.33333333333
2.66666666667
3.66666666667
4.0
3.66666666667
2.0
2.33333333333
3.33333333333
2.0
4.0
1.66666666667
3.33333333333
4.0
2.0
5.0
2.66666666667
3.33333333333
3.0
2.33333333333
3.33333333333
2.0
4.0
4.33333333333
2.33333333333
5.0
5.66666666667
5.33333333333
2.66666666667
4.0
5.66666666667
4.33333333333
4.66666666667
4.0
4.0
4.66666666667
5.33333333333
6.0
4.33333333333
5.0
4.33333333333
0.666666666667
1.66666666667
3.33333333333
2.66666666667
5.33333333333
3.33333333333
1.33333333333
2.33333333333
3.0
1.0
3.33333333333
5.0
3.66666666667
2.0
5.0
4.0
4.33333333333
4.0
4.66666666667
4.33333333333
4.0
5.66666666667
3.66666666667
5.66666666667
4.33333333333
5.0
3.33333333333
4.33333333333
1.33333333333
3.66666666667
4.66666666667
2.33333333333
4.0
3.0
5.0
4.33333333333
3.66666666667
3.66666666667
5.33333333333
5.66666666667
3.0
5.66666666667
3.33333333333
0.666666666667
3.0
4.33333333333
4.0
3.66666666667
1.0
4.0
5.33333333333
1.33333333333
3.33333333333
4.0
2.66666666667
3.33333333333
2.66666666667
5.66666666667
4.0
4.33333333333
1.0
2.33333333333
4.66666666667
2.33333333333
2.66666666667
4.0
5.0
5.0
1.0
3.33333333333
4.0
2.66666666667
6.0
2.33333333333
3.0
5.0
5.0
5.66666666667
4.66666666667
3.0
2.33333333333
3.33333333333
3.33333333333
1.66666666667
1.33333333333
2.0
2.66666666667
5.33333333333
3.33333333333
6.0
3.33333333333
4.33333333333
3.33333333333
2.33333333333
3.33333333333
4.66666666667
3.33333333333
4.66666666667
4.66666666667
5.66666666667
1.66666666667
1.33333333333
1.0
5.0
2.33333333333
0.666666666667
3.0
3.33333333333
2.0
4.0
4.33333333333
3.66666666667
3.0
3.0
5.0
2.0
2.66666666667
3.33333333333
5.0
2.33333333333
2.66666666667
4.0
2.0
2.0
3.0
5.66666666667
3.0
2.0
4.0
2.0
4.66666666667
4.0
4.33333333333
5.33333333333
3.66666666667
3.66666666667
1.66666666667
4.33333333333
5.0
2.33333333333
4.0
2.33333333333
0.666666666667
3.66666666667
4.66666666667
1.33333333333
3.66666666667
1.66666666667
3.33333333333
3.66666666667
1.33333333333
4.0
3.66666666667
3.33333333333
3.66666666667
5.0
5.33333333333
5.66666666667
3.0
2.0
4.0
2.66666666667
3.66666666667
3.66666666667
4.33333333333
5.66666666667
4.66666666667
4.33333333333
5.33333333333
5.33333333333
4.66666666667
0.333333333333
2.33333333333
3.66666666667
3.66666666667
4.0
5.0
4.33333333333
4.33333333333
4.0
6.0
3.66666666667
2.66666666667
4.33333333333
4.66666666667
4.33333333333
2.33333333333
6.0
5.33333333333
5.0
2.66666666667
4.0
4.66666666667
3.33333333333
3.0
2.66666666667
4.66666666667
1.66666666667
2.66666666667
2.33333333333
2.66666666667
3.0
3.66666666667
4.66666666667
4.33333333333
5.33333333333
3.33333333333
4.0
1.33333333333
2.33333333333
5.0
4.0
6.0
6.0
4.0
2.33333333333
2.66666666667
1.0
3.66666666667
4.0
5.66666666667
3.66666666667
4.0
2.0
3.33333333333
3.33333333333
1.66666666667
1.66666666667
3.0
2.0
2.66666666667
1.0
4.0
4.33333333333
5.0
4.66666666667
3.33333333333
3.0
1.66666666667
5.0
4.33333333333
3.66666666667
4.33333333333
5.0
4.33333333333
3.66666666667
3.66666666667
3.33333333333
4.66666666667
3.66666666667
4.33333333333
4.66666666667
5.66666666667
2.0
4.66666666667
6.0
5.33333333333
2.0
2.33333333333
3.0
3.33333333333
1.66666666667
1.66666666667
0.666666666667
3.0
5.33333333333
5.33333333333
5.33333333333
2.0
5.0
5.0
4.0
5.0
3.33333333333
5.33333333333
4.33333333333
5.0
5.33333333333
5.0
4.33333333333
5.33333333333
4.66666666667
2.66666666667
1.33333333333
3.66666666667
2.33333333333
5.0
4.0
2.33333333333
1.66666666667
1.33333333333
2.0
2.66666666667
1.33333333333
2.0
3.0
4.33333333333
4.0
4.33333333333
5.0
6.0
5.66666666667
3.0
1.66666666667
2.33333333333
1.0
3.66666666667
2.0
1.66666666667
2.0
2.66666666667
2.66666666667
2.66666666667
3.66666666667
3.33333333333
4.0
5.0
5.66666666667
4.66666666667
4.0
4.66666666667
4.66666666667
5.0
3.0
3.66666666667
4.66666666667
3.66666666667
6.0
4.66666666667
3.66666666667
4.0
4.0
1.33333333333
5.33333333333
3.66666666667
4.66666666667
4.0
3.0
1.66666666667
1.66666666667
2.66666666667
4.33333333333
3.0
2.33333333333
4.33333333333
3.33333333333
4.66666666667
5.66666666667
4.66666666667
4.0
5.33333333333
3.33333333333
5.33333333333
3.66666666667
2.66666666667
0.666666666667
4.0
3.33333333333
4.66666666667
5.66666666667
2.0
1.33333333333
4.33333333333
4.0
5.33333333333
2.33333333333
3.33333333333
6.0
6.0
