2005_01_20_1643393.0	0.27	0.4	0.945
2005_01_20_1643393.10	0.329	0.467	0.919
2005_01_29_1645701.20	0.364	0.533	0.665
2005_01_29_1645701.10	0.376	0.533	0.93
2005_02_07_1648087.30	0.396	0.583	0.729
2005_01_28_1645501.10	0.411	0.6	0.805
2005_01_28_1645448.10	0.47	0.667	0.751
2005_01_29_1645701.50	0.489	0.733	0.8
2005_01_30_1645866.20	0.493	0.733	0.533
2005_01_29_1645701.0	0.499	0.733	0.56
2005_02_07_1648087.0	0.505	0.733	0.693
2005_01_20_1643450.0	0.505	0.733	0.71
2005_01_20_1643450.20	0.505	0.733	0.884
2005_01_30_1645866.40	0.505	0.733	0.802
2005_01_14_1641845.20	0.516	0.8	0.91
2005_01_14_1641884.20	0.528	0.8	0.845
2005_01_14_1641845.0	0.548	0.8	0.809
2005_01_30_1645866.10	0.552	0.8	0.78
2005_01_30_1645866.50	0.557	0.833	0.667
2005_01_20_1643393.20	0.616	0.933	0.8
2005_01_30_1646048.0	0.618	0.933	0.782
2005_01_25_1644798.0	0.622	0.933	0.84
2005_01_30_1645866.30	0.63	0.933	0.755
2005_01_20_1643450.10	0.63	0.933	0.477
2005_02_07_1648087.20	0.642	0.933	0.577
2005_01_14_1641845.10	0.649	1.0	0.706
2005_02_07_1648087.10	0.656	1.0	0.816
2005_01_28_1645448.0	0.663	1.0	0.807
2005_01_29_1645701.30	0.673	1.0	0.586
2005_01_30_1645866.0	0.687	1.067	0.699
2005_01_28_1645501.0	0.693	1.0	0.568
2005_01_19_1643276.0	0.695	1.067	0.636
2005_01_14_1641884.0	0.698	1.067	0.449
2005_01_19_1643276.10	0.7	1.067	0.794
2005_01_19_1643276.20	0.72	1.067	0.765
2005_01_20_1643450.30	0.734	1.083	0.559
2005_01_19_1643276.30	0.784	1.185	0.609
2005_01_05_1639693.10	0.8	1.2	0.711
2005_01_25_1644798.10	0.804	1.2	0.667
2005_01_05_1639693.20	0.804	1.238	0.66
2005_01_29_1645701.40	0.854	1.333	0.404
2005_01_14_1641884.10	0.911	1.4	0.682
